2 0.6017692220744632 0.27694259849327346 0.2137824396927931 0.21098944954456406
1 0.5996119016817599 0.49870633893919747 0.1615703158298394 0.17556197204603202
1 0.8852580966938041 0.5791338269604283 0.17879063727947112 0.1911847469513799
1 0.8352257777297578 0.8418725356291119 0.1949938917998324 0.22127084595151103
1 0.36351875808538126 0.8771021992238027 0.13712807244501954 0.17852522639068616
2 0.7401997281993588 0.6191545726033868 0.1855234961763591 0.20529628124529772
2 0.6705969816780336 0.8899897519286184 0.19700209911195052 0.21405051606907705
5 0.4301423027166898 0.531694695989649 0.2013826551672787 0.20362023223456902
5 0.632850253271167 0.7411294413471536 0.20013190068869555 0.21112735464601579
3 0.16688227684346607 0.850582147477362 0.19515004245838546 0.19790473069673398
3 0.4954721862871922 0.7742561448900395 0.179092618731747 0.20413163414684987
6 0.33774091211470625 0.7181577189150051 0.20806957293151515 0.21074239667011455
