1 0.2550439332805092 0.09571104674080509 0.21992812065646775 0.18824819460026718
1 0.14291478294480572 0.496924519881382 0.2271009934911492 0.21982272908838937
1 0.3377723970944308 0.498789346246973 0.15254237288135586 0.16464891041162194
1 0.646012884029517 0.5497344001538793 0.24066316078260946 0.2371560151063079
3 0.6380145278450374 0.7506053268765133 0.15254237288135616 0.1840193704600483
4 0.35108958837772297 0.29418886198547317 0.19466902914991874 0.19160661880795218
4 0.4749486556104563 0.5998213561209105 0.19042611461421102 0.2023965923916753
4 0.18844044537423188 0.7308548796598414 0.2374587354842239 0.247928393302318
5 0.3196125907990315 0.6561743341404359 0.15496368038740918 0.1549636803874092
5 0.37647948355777744 0.7684162238264046 0.17662678608591265 0.17230465548219398
6 0.8592488026842656 0.6973595835321852 0.19668164377286446 0.213398293132409
