5 0.5665859564164676 0.39709443099273434 0.16926787676478633 0.1783814459668315
5 0.13836633514253577 0.5917563797623355 0.23052817671176848 0.21108667054950941
5 0.15859564164648948 0.760290556900728 0.2182863158226136 0.22131007085709511
3 0.37893462469733874 0.31234866828086977 0.19277658538398626 0.19170700316198008
3 0.391041162227603 0.5581113801452784 0.1670702179176757 0.16707021791767565
3 0.45036319612590814 0.7699757869249398 0.17545787109453756 0.20975400470613068
2 0.5589549537637699 0.5796092852597762 0.222216874153293 0.23127996827703703
2 0.7978208232445526 0.7784503631961246 0.2108303720115535 0.20306510660546848
2 0.5956416464891029 0.7554479418886193 0.1845052343172391 0.216827679684653
1 0.7154963680387403 0.6343825665859569 0.2218362630914658 0.2267054175931048
1 0.8595641646489081 0.4430992736077491 0.21249244233016867 0.20770320427362252
1 0.3002421307506048 0.6924939467312353 0.2291811225559549 0.22918112255595474
