2 0.7518159806295395 0.23728813559322107 0.20704672620010783 0.20178642145031717
2 0.4016580210370547 0.5972143045701073 0.20129021792757812 0.21329275649151497
2 0.5944309927360781 0.6464891041162218 0.19696043431329144 0.20669546019285456
1 0.3789346246973361 0.7748184019370455 0.2179018855042248 0.2193685714012247
6 0.18644067796610309 0.6997578692493944 0.22697915292000778 0.23830652308579567
3 0.5302663438256658 0.8014527845036319 0.15012106537530268 0.17433414043583528
3 0.893462469733656 0.7929782082324445 0.1840193704600488 0.19128329297820798
4 0.7639225181598077 0.5944309927360766 0.2158628362018186 0.21363035177052525
4 0.7108102720436962 0.7693264035454385 0.20741375766747125 0.20743410226060746
3 0.2384987893462464 0.5460048426150127 0.20295000202801824 0.1875214661174465
