6 0.1404358353510895 0.31598062953995165 0.1937046004842614 0.16707021791767557
5 0.1641057962721213 0.776375044037659 0.20442074128310708 0.18530569128609586
5 0.5037078092114763 0.7675939124717979 0.22720005132086613 0.2380005941803711
5 0.5443455805142743 0.5891346975171246 0.23064122139825471 0.23143916152220761
5 0.8474576271186433 0.5012106537530268 0.19370460048426208 0.1791767554479425
4 0.718061741376871 0.7880069354986443 0.1719545685852453 0.18588986008589514
4 0.2771223210854679 0.665215136607249 0.23126167426456412 0.22814444189961314
3 0.5061903720468068 0.38980030270684696 0.19460426277084758 0.19889250659230945
2 0.3249081327446241 0.35803446802449734 0.22132375711495086 0.2240474901309649
1 0.36472154963680464 0.5232203389830505 0.17478250321854208 0.1652009358800347
1 0.9009476224471885 0.7211308939599634 0.18052301778343888 0.1984901375325154
