3 0.4002447980416158 0.07955936352509178 0.20563035495716037 0.15911872705018357
4 0.8337285801713586 0.08384332925336598 0.21748776009791926 0.16768665850673195
4 0.568528785780826 0.2507362329336908 0.2319771692085638 0.23018985822245613
3 0.11161869000594646 0.4448307173586765 0.22323738001189247 0.2270451168169285
3 0.4400735120824743 0.448428993624666 0.19814234310442344 0.20900342286417128
2 0.8119441398312176 0.7855187342908775 0.2469169190461139 0.24618235325601176
2 0.33156604259179007 0.5829316382929021 0.19935309419178082 0.20890122841642728
2 0.3706046415027157 0.7758526166217504 0.18948120767384985 0.22448367664028723
1 0.16988370199046138 0.6646773393578238 0.23871324683819253 0.2226810542518041
6 0.5367197062423482 0.7943696450428419 0.21495483872405863 0.22818775302517166
6 0.21673321218895084 0.8235672476600533 0.19426894427479038 0.20217578491912902
