5 0.6561743341404369 0.2518159806295387 0.22634287024514982 0.2251189350918568
5 0.5588007510969688 0.6483096587468143 0.21937728450613747 0.22205763985753435
6 0.7113074134156061 0.6805013987157408 0.22211463386675775 0.22044823889558926
6 0.7978384241046164 0.809898343140659 0.2212029079004958 0.2126867412600629
6 0.4321249347396296 0.558034351510596 0.21539014773899368 0.21570111519011648
6 0.35956416464891006 0.8014527845036321 0.18489136655315522 0.19466476970911528
3 0.31856749449993704 0.39757989646163716 0.2270094202689962 0.223286066917281
3 0.2538419636881111 0.6751866097785839 0.1824166005129358 0.1894158251012695
3 0.15618026767887289 0.5178254090221127 0.22309284434273632 0.21949628050941583
3 0.18401937046005068 0.818401937046004 0.18371275762023928 0.19082718046374708
2 0.5230024213075067 0.8111380145278438 0.18671535657259797 0.19791827796695458
1 0.6818411714888803 0.448289140404933 0.18731140505096674 0.1840525622520852
