5 0.10881004519136943 0.2861415902907309 0.21702948160851399 0.20402312157706506
5 0.2469733656174334 0.6295399515738498 0.1549636803874091 0.17433414043583523
5 0.7723970944309911 0.6077481840193701 0.20930129674888776 0.2064374725532977
5 0.8562489152420736 0.7635448527184113 0.18250312475150282 0.20964676726668827
4 0.4854721549636797 0.767554479418887 0.21986592533104968 0.21916321923902643
3 0.2457627118644067 0.7941888619854722 0.15254237288135591 0.14043583535108947
3 0.4351600456475549 0.6053330412385287 0.22029150695576355 0.2219302595198959
3 0.8848342636355467 0.4969893202968457 0.2110777095418993 0.1869056352662816
3 0.6324147293873953 0.6975367045025123 0.1885357172755529 0.20868117686466234
6 0.4858555089474879 0.07990314769975787 0.18567396999848668 0.15980629539951574
6 0.5956416464891034 0.5205811138014546 0.18929882249369429 0.20340105962672253
