4 0.12490649812408139 0.2797491989083569 0.2164596724140862 0.19143838048801257
4 0.1456275808023465 0.4552585574633543 0.2428457193091612 0.23619051979005065
3 0.3419582918542595 0.4557718704439921 0.224152198479632 0.22424158355827145
3 0.524371391320543 0.7798379586515191 0.19577947246980898 0.20433123004046053
2 0.6314002158834875 0.4862330152643566 0.23066863910381358 0.22972323012566534
2 0.8857300473765289 0.6964017607504889 0.22853990524694098 0.2314367247990171
5 0.14406779661016944 0.6634382566585958 0.17675544794188858 0.17433414043583573
5 0.31375946601686133 0.7115021593686842 0.24012650460947996 0.23914988526470496
6 0.4597661142366338 0.6359729236986085 0.17990671990855175 0.20972232708713193
6 0.1585956416464891 0.8038740920096853 0.17675544794188855 0.15980629539951566
6 0.6789471959849104 0.6251379532437317 0.23225174374083252 0.23383534931740635
6 0.7059042652262977 0.771931458372135 0.22462254780537103 0.22889606005073546
