0 0.5060835527113852 0.08577510643626343 0.20496287203778468 0.17155021287252686
0 0.14525419484097168 0.713749060856498 0.18782870022539444 0.17530678687703405
6 0.22314859891661093 0.4829582239320236 0.229053611774603 0.22595191543056445
6 0.6999749561733062 0.7081141998497356 0.22792991960128547 0.22499397813517086
6 0.3799503226209 0.8710358314764146 0.19514273021584716 0.20769654256748396
6 0.567242674680691 0.8909341347357873 0.1452541948409713 0.1815677435512155
1 0.495753016264995 0.7526170659804343 0.21386652352239394 0.2216044181639293
1 0.9075602484137774 0.5897821187077379 0.18487950317244525 0.16989596333891285
1 0.20097670924117153 0.8784122213874284 0.23707085937972563 0.23267387792928104
3 0.46456298522414324 0.48710242925118885 0.21693148865906678 0.2198374697529596
2 0.8039068369646877 0.8946907087402952 0.16528925619834575 0.18156774355121516
5 0.8658903080390674 0.7364137240170298 0.17655897821187072 0.16654144753318312
