6 0.24388802009787633 0.6930240029192979 0.1756316148625909 0.195698630218194
6 0.5254237288135589 0.6815980629539959 0.18019435892950106 0.1974224093590229
6 0.7279470165599143 0.7817701188373012 0.19628354061115025 0.20294127018794114
5 0.5521584082700859 0.4688952683092005 0.20617694064716205 0.2171716200647893
3 0.7395499772768686 0.4468031889574266 0.2143840945078731 0.22364530367325372
2 0.19525473373515467 0.4776224700947091 0.2254981504605088 0.22840078542908826
1 0.36403744672121163 0.5679009732823066 0.22807808955835582 0.22816898110889475
2 0.6757599699757257 0.6405583068728395 0.17619598770050146 0.19606218175022158
1 0.9079903147699754 0.6489104116222761 0.1743341404358353 0.17433414043583526
1 0.8956528751188242 0.3690357140956877 0.2086942497623528 0.21245188285119443
2 0.7945966634864919 0.16880022675048031 0.2224680832570513 0.2091494661422508
2 0.8946731234866827 0.8062953995157386 0.16707021791767493 0.1452784503631964
