6 0.4423803478458055 0.2897614271425512 0.2134120280720353 0.21413480384588424
6 0.5924425853698739 0.5332025536450683 0.19012825904843703 0.198684033119428
5 0.1150121065375285 0.2849071770545665 0.2090933234436541 0.1882286589781771
5 0.24213075060532688 0.635593220338983 0.15012106537530268 0.18159806295399533
5 0.8504293454633508 0.7564293446297128 0.1735282424570525 0.19070543314445898
3 0.8946731234866835 0.49636803874091906 0.20657727541499668 0.1952236004082903
3 0.6319612590799022 0.6997578692493949 0.19606768257937696 0.20806044268025012
3 0.4370460048426162 0.5968523002421291 0.23036148395852693 0.23244006325543176
3 0.2481840193704601 0.7941888619854719 0.16222760290556887 0.13559322033898227
5 0.7721834496510488 0.6032616436405057 0.23269916530467272 0.23088962682262226
4 0.4872765349716863 0.7777270966673331 0.22749770084686716 0.22853299184623269
