6 0.7124567239024772 0.3457225307528248 0.21084626560908276 0.20108075541496417
6 0.6487469929861399 0.5803163652255247 0.2163777671541468 0.22280589162840755
5 0.8995157384987891 0.483050847457627 0.20096852300242168 0.19128329297820795
5 0.8922518159806287 0.7953995157384984 0.1961259079903137 0.15738498789346297
5 0.7432158307387249 0.7098872038007796 0.1930747232431848 0.19477234861317733
4 0.8970944309927353 0.6537530266343827 0.1912832929782076 0.16949152542372853
4 0.17675544794188916 0.6549636803874083 0.22461178178549107 0.2379679560675615
4 0.5024199433542151 0.672839216041783 0.2439800939413606 0.24425959067110853
3 0.6053268765133172 0.7966101694915255 0.16464891041162222 0.17917675544794193
2 0.16222760290556903 0.8159806295399517 0.1743341404358353 0.16464891041162244
1 0.32253724398328165 0.7098168711535026 0.24858756708914367 0.2488756488870873
1 0.4501464770335775 0.496503525232295 0.2411112401490567 0.24140931630614262
