0 0.425149300330697 0.04983202687569988 0.17097799508328668 0.09966405375139976
6 0.1394200904306995 0.3180656735810702 0.19463036068702114 0.16852891115652624
5 0.15697670067892605 0.771857308551563 0.2032662680869877 0.19680866516468726
5 0.5026124835195283 0.7692281604930309 0.2073039706754554 0.21956096585097612
5 0.8454647256438962 0.5067189249720045 0.17917133258678614 0.16685330347144472
5 0.5397440029773257 0.5904519490531374 0.21419526479376003 0.21572995889017257
4 0.2799240185230836 0.6708291129652689 0.2269888023237839 0.22122880969502745
3 0.5083986562150051 0.3980963045912658 0.18465280440589724 0.19050888864828777
2 0.32259931480270254 0.3582439878926288 0.20444304770819344 0.20690775335651082
1 0.3690839493726405 0.5183117729707082 0.1720122880731349 0.1712764848255933
4 0.7222844344904814 0.7844344904815217 0.1522956326987681 0.18253079507278824
1 0.9004152790842619 0.7239258035042115 0.19128286172774212 0.2027783005400883
