0 0.3366508870085074 0.5103855931616831 0.21122910759965016 0.18443173895102064
4 0.3337081926876899 0.858643091330357 0.1747488128435154 0.19776422501159857
5 0.3570504527813704 0.706985769728332 0.20811660865164086 0.20382769543445306
5 0.6858624448080732 0.5367713992323621 0.20765329151730852 0.2200684531262597
5 0.909468839387065 0.7573718477765087 0.18095177395162096 0.18381318767886198
3 0.870297887241297 0.554073940191836 0.2404071779234954 0.2434775024309088
3 0.16882276843467017 0.7613195342820179 0.18499353169469607 0.1720569210866742
2 0.5281695901214825 0.8643830428529874 0.2204637196090603 0.2309967206002858
2 0.6940491591203113 0.8848641655886155 0.2172087070604394 0.21885613870929432
1 0.17335058214747737 0.5847347994825359 0.17076326002587316 0.16817593790426916
1 0.8532501433014846 0.8951163025745682 0.23020295829347204 0.20932827073768634
6 0.7024579560155243 0.7115135834411375 0.23217779657833262 0.23035484219406818
