4 0.2107182247385193 0.25779441615766346 0.2659494239182566 0.2672051286280779
4 0.7922148261900727 0.44602408478186567 0.23472806005457528 0.23320038424179088
2 0.35027733047168735 0.47346070019862535 0.24240770419432509 0.2403856816235667
6 0.5124030718559726 0.3911476834418965 0.20842971462656779 0.20876401080428067
6 0.14537361830361223 0.6260693410360866 0.20048400806800679 0.18458199848794762
5 0.3085962561915407 0.6377637934637 0.212990494676332 0.20726023508377567
1 0.22734086110560042 0.7743038949222552 0.24405662115681906 0.24286504143173915
6 0.41888619854721476 0.7506053268765129 0.22825790510515293 0.2250844631260783
2 0.5711984534132827 0.784357935939743 0.1727186375761252 0.1989434271989792
1 0.6358550579010241 0.6295686054957331 0.23235767114720837 0.23524384810878943
1 0.8673981251546223 0.6095938649301499 0.2273922407088662 0.22727896580833878
2 0.844891377359643 0.7775249626580734 0.20158139124897928 0.2129380600265887
