6 0.6610169491525408 0.24697336561743427 0.19304581411490632 0.20545235743848708
6 0.7052773591954956 0.6722188065624489 0.235814917973874 0.23499236853460587
5 0.18620381986685744 0.622654298385097 0.1803678814323976 0.18436438434279181
5 0.9105179946366388 0.4527845036319627 0.17896401072672233 0.1854336737392512
4 0.3523002421307501 0.7300242130750612 0.2235118537947588 0.2236459501498127
4 0.4564164648910414 0.8753026634382561 0.14285714285714293 0.1912832929782077
3 0.8836792621183882 0.8850948616992796 0.23264147576322358 0.22812607091933956
3 0.6210653753026638 0.48426150121065314 0.2032420409717116 0.1991633955060861
2 0.7318126483084416 0.8446520277442575 0.23207042598194874 0.23339677047796642
1 0.4684317622522204 0.398301641720514 0.16284253151807448 0.15352609850776078
1 0.2605777529960803 0.47960831341037774 0.20046284966612357 0.19108015762483233
1 0.19649059442134928 0.7848069528870717 0.21669787875723379 0.23236562963674373
