2 0.16550652039722555 0.866779880473192 0.17336564439382507 0.17349387329384428
2 0.5017614658885485 0.7966311093313672 0.17353923896444343 0.17023764909550296
1 0.7465314834578437 0.6355389541088586 0.15840867742563744 0.1623465436116014
1 0.6704845703040408 0.9128198094119889 0.17588865297956546 0.1743603811760221
1 0.5974068875293459 0.2794574871347105 0.1967444222423299 0.19656433202588666
0 0.892209178228389 0.5907150480256139 0.1571770512507908 0.16322948509634877
0 0.844240244192411 0.8679848596280713 0.16478679398557147 0.15918320240320638
0 0.5955176093916762 0.4999999999999993 0.15286186178806646 0.1600970799349048
4 0.6366061899679818 0.7540021344717194 0.16757186565536786 0.16612340158377464
4 0.4338313767342581 0.5416221985058691 0.18056011868586325 0.17955091392747435
5 0.3247631166672917 0.7319453389020505 0.1820502574247119 0.18228529295008344
